#      Name and Version    Yburn 4.0
#         Job specifier    CalcBoundWave
#        Job started at    2013-06-19-16-20-29
#            ColorState    Singlet
#         PotentialType    Complex
#              AccAlpha    1e-06
#               AccWave    1e-09
#            Emax (MeV)    1e+04
#                ESteps    1000
#       QuarkMass (MeV)    4801
#             Rout (fm)    10
#                rSteps    20000
#              AlphaS_H    0.2417
#               dr (fm)    0.001
#         Sigma (MeV^2)    1.92e+05
#      SigmaEff (MeV^2)    1.92e+05
#              Tc (MeV)    170
#
#
#   Y1S	M = 9460.30 MeV
#---------------------------------------------------------------------------------------------------------------------------
#   T          DebyeMass  <r^2>^1/2  SoftScale  US_Scale   BoundMass  Energy     GammaDamp  GammaDiss  GammaTot
#   (MeV)      (MeV)      (fm)       (Mev)      (Mev)      (MeV)      (MeV)      (MeV)      (MeV)      (MeV)
#---------------------------------------------------------------------------------------------------------------------------
# pNRQCDHTL potential
#	170        523.975    0.222333   1481.42    1024.23    9036.09    -565.725   29.7602    3.47212    33.2323
#	180        543.693    0.222614   1480.27    1011.22    9048.42    -553.4     30.3093    4.80572    35.115
#	190        563.435    0.222863   1479.23    999.108    9059.94    -541.881   30.6542    6.41841    37.0726
#	200        583.179    0.223079   1478.31    987.805    9070.74    -531.082   30.7867    8.31872    39.1054
#	210        602.909    0.223258   1477.51    977.242    9080.89    -520.924   30.6996    10.5103    41.2099
#	220        622.613    0.223398   1476.85    967.352    9090.48    -511.335   30.3857    12.9928    43.3785
#	230        642.283    0.223499   1476.32    958.076    9099.57    -502.25    29.8393    15.7625    45.6018
#	240        661.913    0.223558   1475.94    949.362    9108.21    -493.609   29.0546    18.8132    47.8678
#	250        681.5      0.223573   1475.7     941.159    9116.46    -485.359   28.0268    22.1372    50.164
# complex potential
	170        523.975    0.236375   1423.23    786.3      9312.73    -363.855   27.3595    7.78852    35.148
	180        543.693    0.237878   1417.62    765.991    9304.77    -346.832   30.6275    10.3411    40.9686
	190        563.435    0.239416   1411.93    746.685    9296.64    -330.814   34.1089    13.3121    47.421
	200        583.179    0.240989   1406.19    728.314    9288.35    -315.723   37.805     16.6998    54.5048
	210        602.909    0.242593   1400.4     710.809    9279.91    -301.483   41.7172    20.4984    62.2157
	220        622.613    0.244228   1394.57    694.109    9271.33    -288.025   45.8468    24.7002    70.547
	230        642.283    0.245892   1388.71    678.158    9262.62    -275.285   50.1946    29.2969    79.4915
	240        661.913    0.247583   1382.82    662.904    9253.77    -263.205   54.7616    34.2802    89.0418
	250        681.5      0.249301   1376.9     648.3      9244.81    -251.731   59.5484    39.6421    99.1905
	260        701.039    0.251044   1370.97    634.306    9235.73    -240.813   64.5555    45.3762    109.932
	270        720.529    0.252809   1365.03    620.882    9226.53    -230.408   69.783     51.4775    121.261
	280        739.969    0.254596   1359.09    607.998    9217.23    -220.476   75.2311    57.9422    133.173
	290        759.358    0.256403   1353.14    595.622    9207.83    -210.979   80.8994    64.7684    145.668
	300        778.696    0.258229   1347.21    583.728    9198.33    -201.884   86.7876    71.9559    158.743
	310        797.982    0.26007    1341.28    572.292    9188.74    -193.16    92.8948    79.5062    172.401
	320        817.217    0.261926   1335.37    561.294    9179.06    -184.779   99.2201    87.4222    186.642
	330        836.401    0.263794   1329.48    550.716    9169.3     -176.716   105.762    95.7084    201.471
	340        855.535    0.265673   1323.62    540.539    9159.46    -168.946   112.52     104.37     216.891
	350        874.62     0.267561   1317.78    530.751    9149.55    -161.448   119.492    113.415    232.907
	360        893.656    0.269456   1311.99    521.337    9139.56    -154.203   126.676    122.851    249.527
	370        912.644    0.271355   1306.23    512.287    9129.52    -147.191   134.07     132.686    266.755
	380        931.584    0.273258   1300.51    503.589    9119.4     -140.396   141.672    142.929    284.6
	390        950.478    0.275162   1294.84    495.236    9109.24    -133.802   149.479    153.589    303.068
	400        969.327    0.277066   1289.22    487.218    9099.01    -127.395   157.489    164.675    322.164
	410        988.131    0.278968   1283.65    479.53     9088.74    -121.162   165.7      176.194    341.894
	420        1006.89    0.280868   1278.14    472.164    9078.42    -115.09    174.109    188.154    362.263
	430        1025.61    0.282762   1272.68    465.116    9068.05    -109.168   182.712    200.559    383.271
	440        1044.28    0.284651   1267.28    458.381    9057.64    -103.387   191.507    213.41     404.917
	450        1062.92    0.286533   1261.93    451.955    9047.19    -97.7352   200.492    226.708    427.2
	460        1081.51    0.288408   1256.65    445.833    9036.71    -92.2048   209.662    240.448    450.11
	470        1100.06    0.290274   1251.44    440.014    9026.19    -86.7876   219.016    254.62     473.636
	480        1118.58    0.292131   1246.28    434.495    9015.64    -81.4761   228.549    269.21     497.759
	490        1137.05    0.293978   1241.19    429.273    9005.06    -76.2633   238.26     284.196    522.456
	500        1155.49    0.295814   1236.16    424.346    8994.44    -71.1426   248.145    299.55     547.696
	510        1173.89    0.29764    1231.19    419.713    8983.81    -66.1088   258.202    315.238    573.44
	520        1192.26    0.299454   1226.29    415.373    8973.14    -61.1559   268.426    331.214    599.64
	530        1210.59    0.301258   1221.45    411.324    8962.45    -56.279    278.816    347.426    626.242
	540        1228.89    0.303049   1216.67    407.564    8951.74    -51.4734   289.369    363.812    653.181
	550        1247.15    0.30483    1211.95    404.094    8941.01    -46.7348   300.082    380.299    680.381
	560        1265.38    0.306599   1207.3     400.911    8930.25    -42.0593   310.952    396.811    707.762
	570        1283.58    0.308357   1202.7     398.016    8919.47    -37.4432   321.977    413.256    735.233
	580        1301.74    0.310103   1198.17    395.405    8908.67    -32.8831   333.153    429.541    762.694
	590        1319.87    0.311838   1193.69    393.08     8897.85    -28.3761   344.48     445.563    790.043
	600        1337.97    0.313563   1189.27    391.038    8887.01    -23.9186   355.953    461.219    817.172
	610        1356.04    0.315278   1184.91    389.277    8876.15    -19.5084   367.571    476.403    843.974
	620        1374.09    0.316982   1180.6     387.796    8865.27    -15.1429   379.332    491.009    870.341
	630        1392.1     0.318678   1176.35    386.593    8854.37    -10.8195   391.233    504.934    896.167
	640        1410.08    0.320363   1172.14    385.668    8843.46    -6.53661   403.273    518.085    921.357
	650        1428.04    0.32204    1167.99    385.016    8832.52    -2.29187   415.448    530.375    945.823


#   x1P	M = 9899.87 MeV
#---------------------------------------------------------------------------------------------------------------------------
#   T          DebyeMass  <r^2>^1/2  SoftScale  US_Scale   BoundMass  Energy     GammaDamp  GammaDiss  GammaTot
#   (MeV)      (MeV)      (fm)       (Mev)      (Mev)      (MeV)      (MeV)      (MeV)      (MeV)      (MeV)
#---------------------------------------------------------------------------------------------------------------------------
	170        523.975    0.432332   634.428    469.571    9276.57    -127.343   112.291    54.3876    166.678
	180        543.693    0.438082   628.87     450.575    9251.24    -112.124   126.209    67.6851    193.894
	190        563.435    0.4439     623.383    433.043    9225.39    -97.773    141.074    82.9315    224.006
	200        583.179    0.449746   617.996    416.954    9199.1     -84.1807   156.875    100.354    257.229
	210        602.909    0.455584   612.731    402.288    9172.44    -71.243    173.595    120.206    293.802
	220        622.613    0.46138    607.606    389.031    9145.47    -58.8663   191.216    142.742    333.958
	230        642.283    0.467104   602.635    377.172    9118.27    -46.9671   209.712    168.17     377.882
	240        661.913    0.472732   597.827    366.706    9090.87    -35.4732   229.058    196.583    425.642
	250        681.5      0.478245   593.188    357.628    9063.33    -24.3223   249.228    227.86     477.087
	260        701.039    0.483631   588.719    349.935    9035.68    -13.4612   270.191    261.542    531.734
	270        720.529    0.48888    584.42     343.624    9007.95    -2.84475   291.923    296.719    588.642


#   Y2S	M = 10023.26 MeV
#---------------------------------------------------------------------------------------------------------------------------
#   T          DebyeMass  <r^2>^1/2  SoftScale  US_Scale   BoundMass  Energy     GammaDamp  GammaDiss  GammaTot
#   (MeV)      (MeV)      (fm)       (Mev)      (Mev)      (MeV)      (MeV)      (MeV)      (MeV)      (MeV)
#---------------------------------------------------------------------------------------------------------------------------
	170        523.975    0.509372   628.734    472.651    9262.98    -134.978   137.402    75.3499    212.752
	180        543.693    0.513505   622.904    456.35     9234.12    -122.576   153.337    88.8035    242.141
	190        563.435    0.517616   617.232    441.484    9204.85    -110.968   170.189    103.064    273.253
	200        583.179    0.521691   611.731    428.018    9175.25    -100.057   187.937    118.099    306.036
	210        602.909    0.52571    606.409    415.927    9145.36    -89.7545   206.558    133.856    340.414
	220        622.613    0.529662   601.271    405.185    9115.23    -79.9808   226.028    150.231    376.259
	230        642.283    0.533534   596.319    395.776    9084.91    -70.6679   246.324    167.051    413.375
	240        661.913    0.537321   591.552    387.68     9054.42    -61.7541   267.419    184.051    451.47
	250        681.5      0.541015   586.966    380.887    9023.8     -53.1884   289.289    200.867    490.156
	260        701.039    0.544616   582.555    375.382    8993.05    -44.9259   311.91     217.036    528.947
	270        720.529    0.54812    578.314    371.153    8962.19    -36.929    335.258    232.033    567.291
	280        739.969    0.55153    574.236    368.183    8931.24    -29.1648   359.31     245.31     604.621
	290        759.358    0.554847   570.311    366.455    8900.2     -21.6061   384.045    256.379    640.424
	300        778.696    0.558075   566.533    365.944    8869.08    -14.2291   409.443    264.872    674.315
	310        797.982    0.561218   562.893    366.625    8837.87    -7.01377   435.484    270.608    706.093


#   x2P	M = 10260.24 MeV
#---------------------------------------------------------------------------------------------------------------------------
#   T          DebyeMass  <r^2>^1/2  SoftScale  US_Scale   BoundMass  Energy     GammaDamp  GammaDiss  GammaTot
#   (MeV)      (MeV)      (fm)       (Mev)      (Mev)      (MeV)      (MeV)      (MeV)      (MeV)      (MeV)
#---------------------------------------------------------------------------------------------------------------------------
	170        523.975    0.67784    428.004    436.133    8884.93    -47.0506   325.335    120.844    446.179
	180        543.693    0.681806   424.554    428.79     8827.33    -33.5541   362.547    136.431    498.979
	190        563.435    0.685458   421.287    424.08     8769.14    -20.3909   401.642    150.776    552.418
	200        583.179    0.688808   418.195    422.015    8710.45    -7.48848   442.545    163.282    605.827


#   Y3S	M = 10355.2 MeV
#---------------------------------------------------------------------------------------------------------------------------
#   T          DebyeMass  <r^2>^1/2  SoftScale  US_Scale   BoundMass  Energy     GammaDamp  GammaDiss  GammaTot
#   (MeV)      (MeV)      (fm)       (Mev)      (Mev)      (MeV)      (MeV)      (MeV)      (MeV)      (MeV)
#---------------------------------------------------------------------------------------------------------------------------
	170        523.975    0.710422   426.747    449.144    8862.02    -63.4477   343.634    115.549    459.183
	180        543.693    0.712634   423.397    443.03     8802.64    -51.7507   381.608    127.626    509.235
	190        563.435    0.714617   420.228    439.404    8742.7     -40.4093   421.388    138.457    559.845
	200        583.179    0.716378   417.23     438.273    8682.29    -29.3603   462.903    147.718    610.621
	210        602.909    0.717933   414.393    439.623    8621.45    -18.5499   506.088    155.203    661.291
	220        622.613    0.719298   411.707    443.415    8560.23    -7.93449   550.885    160.853    711.738


#   x3P	M = 10534 MeV
#---------------------------------------------------------------------------------------------------------------------------
#   T          DebyeMass  <r^2>^1/2  SoftScale  US_Scale   BoundMass  Energy     GammaDamp  GammaDiss  GammaTot
#   (MeV)      (MeV)      (fm)       (Mev)      (Mev)      (MeV)      (MeV)      (MeV)      (MeV)      (MeV)
#---------------------------------------------------------------------------------------------------------------------------
	170        523.975    0.79348    353.132    546.879    8207.29    -8.87933   633.336    114.209    747.545
