#------------------------------------------------------------------------------------------------------------------------------------------------------------
#This is a QQDataDoc-file. Commentary lines may inserted using a leading "#".
#The data has been calculated using the following parameters (hopefully) consistently:
#
#              AccAlpha    0           
#               AccWave    0           
#            Emax (MeV)    0           
#                ESteps    0           
#       QuarkMass (MeV)    0           
#             Rout (fm)    0           
#           StepsNumber    0           
#              AlphaS_H    0           
#         Sigma (MeV^2)    0           
#      SigmaEff (MeV^2)    0           
#           Tchem (MeV)    120         
#           Tcrit (MeV)    160         
#------------------------------------------------------------------------------------------------------------------------------------------------------------
#N       L       ColorState  Pot.Type    Temperature DebyeMass   <r^2>^1/2   SoftScale   US_Scale    BoundMass   Energy      GammaDamp   GammaDiss   GammaTot    
#                                        (MeV)       (MeV)       (fm)        (Mev)       (Mev)       (MeV)       (MeV)       (MeV)       (MeV)       (MeV)       
#------------------------------------------------------------------------------------------------------------------------------------------------------------
 1       0       Singlet     Tzero       150         513.204     0.201583    1598.9      725.547     9411.98     -189.834    0           0           0           
 1       0       Singlet     Complex     160         533.248     0.226833    1487.79     850.222     9259.03     -388.733    26.417      5.35558     31.7725     
 1       0       Singlet     Complex     170         553.133     0.228156    1482.53     829.859     9250.75     -371.587    29.6548     7.39145     37.0462     
 1       0       Singlet     Complex     180         572.888     0.229499    1477.24     810.617     9242.35     -355.544    33.093      9.82357     42.9166     
 1       0       Singlet     Complex     190         592.531     0.230861    1471.93     792.372     9233.83     -340.475    36.7343     12.6546     49.389      
 1       0       Singlet     Complex     200         612.078     0.232244    1466.6      775.022     9225.2      -326.276    40.581      15.8812     56.4622     
 1       0       Singlet     Complex     210         631.54      0.233647    1461.25     758.481     9216.45     -312.859    44.6351     19.4952     64.1303     
 1       0       Singlet     Complex     220         650.925     0.235069    1455.87     742.68      9207.58     -300.151    48.8984     23.4853     72.3837     
 1       0       Singlet     Complex     230         670.24      0.236513    1450.48     727.554     9198.6      -288.083    53.3725     27.8382     81.2108     
 1       0       Singlet     Complex     240         689.491     0.237974    1445.07     713.055     9189.51     -276.6      58.0587     32.5388     90.5975     
 1       0       Singlet     Complex     250         708.681     0.239454    1439.65     699.136     9180.3      -265.654    62.958      37.5713     100.529     
 1       0       Singlet     Complex     260         727.815     0.240951    1434.22     685.759     9170.99     -255.198    68.0714     42.9201     110.991     
 1       0       Singlet     Complex     270         746.894     0.242465    1428.78     672.889     9161.57     -245.193    73.3992     48.569      121.968     
 1       0       Singlet     Complex     280         765.923     0.243994    1423.34     660.497     9152.04     -235.605    78.9419     54.5027     133.445     
 1       0       Singlet     Complex     290         784.902     0.245537    1417.9      648.556     9142.42     -226.4      84.6996     60.7062     145.406     
 1       0       Singlet     Complex     300         803.833     0.247093    1412.47     637.043     9132.71     -217.55     90.6721     67.165      157.837     
 1       0       Singlet     Complex     310         822.718     0.24866     1407.05     625.939     9122.9      -209.029    96.8591     73.8651     170.724     
 1       0       Singlet     Complex     320         841.559     0.250238    1401.64     615.223     9113        -200.811    103.26      80.7934     184.053     
 1       0       Singlet     Complex     330         860.356     0.251824    1396.25     604.882     9103.02     -192.876    109.874     87.9372     197.811     
 1       0       Singlet     Complex     340         879.111     0.253417    1390.88     594.9       9092.97     -185.202    116.7       95.2844     211.984     
 1       0       Singlet     Complex     350         897.824     0.255017    1385.53     585.265     9082.83     -177.772    123.736     102.824     226.56      
 1       0       Singlet     Complex     360         916.498     0.256621    1380.21     575.966     9072.62     -170.567    130.982     110.544     241.526     
 1       0       Singlet     Complex     370         935.132     0.258227    1374.92     566.993     9062.35     -163.573    138.435     118.434     256.869     
 1       0       Singlet     Complex     380         953.727     0.259836    1369.67     558.338     9052.01     -156.775    146.095     126.484     272.579     
 1       0       Singlet     Complex     390         972.285     0.261445    1364.45     549.993     9041.6      -150.158    153.958     134.684     288.642     
 1       0       Singlet     Complex     400         990.806     0.263053    1359.27     541.951     9031.14     -143.711    162.024     143.023     305.047     
 1       0       Singlet     Complex     410         1009.29     0.264659    1354.14     534.206     9020.63     -137.422    170.288     151.493     321.781     
 1       0       Singlet     Complex     420         1027.74     0.266262    1349.04     526.753     9010.06     -131.281    178.751     160.083     338.833     
 1       0       Singlet     Complex     430         1046.15     0.267861    1344        519.587     8999.44     -125.276    187.408     168.783     356.191     
 1       0       Singlet     Complex     440         1064.54     0.269454    1339        512.705     8988.78     -119.401    196.258     177.584     373.842     
 1       0       Singlet     Complex     450         1082.88     0.271042    1334.05     506.102     8978.08     -113.644    205.297     186.475     391.773     
 1       0       Singlet     Complex     460         1101.2      0.272623    1329.14     499.778     8967.33     -108        214.524     195.447     409.972     
 1       0       Singlet     Complex     470         1119.48     0.274196    1324.29     493.727     8956.54     -102.46     223.936     204.489     428.426     
 1       0       Singlet     Complex     480         1137.73     0.275762    1319.5      487.95      8945.72     -97.0186    233.53      213.591     447.121     
 1       0       Singlet     Complex     490         1155.95     0.277319    1314.75     482.443     8934.87     -91.6687    243.303     222.741     466.044     
 1       0       Singlet     Complex     500         1174.13     0.278867    1310.06     477.206     8923.98     -86.4046    253.253     231.928     485.181     
 1       0       Singlet     Complex     510         1192.29     0.280406    1305.42     472.238     8913.06     -81.2209    263.377     241.14      504.518     
 1       0       Singlet     Complex     520         1210.42     0.281935    1300.83     467.536     8902.11     -76.1126    273.673     250.367     524.04      
 1       0       Singlet     Complex     530         1228.52     0.283455    1296.3      463.101     8891.14     -71.0756    284.137     259.595     543.733     
 1       0       Singlet     Complex     540         1246.59     0.284965    1291.82     458.932     8880.13     -66.1054    294.768     268.813     563.581     
 1       0       Singlet     Complex     550         1264.63     0.286465    1287.39     455.029     8869.1      -61.198     305.563     278.008     583.57      
 1       0       Singlet     Complex     560         1282.64     0.287955    1283.02     451.391     8858.05     -56.3498    316.518     287.166     603.684     
 1       0       Singlet     Complex     570         1300.63     0.289435    1278.69     448.017     8846.97     -51.5573    327.633     296.276     623.908     
 1       0       Singlet     Complex     580         1318.58     0.290905    1274.42     444.908     8835.87     -46.8175    338.903     305.324     644.227     
 1       0       Singlet     Complex     590         1336.52     0.292366    1270.2      442.062     8824.74     -42.1273    350.328     314.296     664.624     
 1       0       Singlet     Complex     600         1354.42     0.293817    1266.02     439.48      8813.6      -37.4842    361.904     323.181     685.085     
 1       0       Singlet     Complex     610         1372.3      0.295259    1261.9      437.161     8802.43     -32.8856    373.63      331.965     705.595     
 1       0       Singlet     Complex     620         1390.16     0.296692    1257.82     435.105     8791.24     -28.3291    385.503     340.635     726.138     
 1       0       Singlet     Complex     630         1407.99     0.298117    1253.79     433.31      8780.03     -23.8126    397.521     349.179     746.7       
 1       0       Singlet     Complex     640         1425.79     0.299533    1249.81     431.776     8768.8      -19.3341    409.682     357.585     767.267     
 1       0       Singlet     Complex     650         1443.57     0.30094     1245.87     430.502     8757.55     -14.8917    421.984     365.841     787.825     
 1       0       Singlet     Complex     660         1461.33     0.30234     1241.98     429.487     8746.28     -10.4835    434.425     373.936     808.361     
 1       0       Singlet     Complex     670         1479.06     0.303733    1238.12     428.729     8734.98     -6.10807    447.003     381.859     828.862     
 1       0       Singlet     Complex     680         1496.77     0.305118    1234.32     428.227     8723.67     -1.76373    459.716     389.601     849.318     
 1       0       Singlet     Tzero       150         0           0.201583    1598.9      725.547     9411.98     -189.834    0           0.103287    0.103287    
 2       0       Singlet     Complex     160         533.248     0.491052    651.627     506.365     9207.37     -145.25     133.205     56.0766     189.282     
 2       0       Singlet     Complex     170         553.133     0.495485    645.113     488.213     9178.98     -132.166    149.048     65.8244     214.872     
 2       0       Singlet     Complex     180         572.888     0.49991     638.763     471.598     9150.42     -119.986    165.754     75.5919     241.346     
 2       0       Singlet     Complex     190         592.531     0.504318    632.58      456.438     9121.71     -108.576    183.314     85.2631     268.577     
 2       0       Singlet     Complex     200         612.078     0.508698    626.565     442.673     9092.86     -97.824     201.711     94.7454     296.456     
 2       0       Singlet     Complex     210         631.54      0.513041    620.72      430.262     9063.88     -87.6375    220.928     103.964     324.892     
 2       0       Singlet     Complex     220         650.925     0.517336    615.046     419.178     9034.8      -77.9389    240.946     112.859     353.805     
 2       0       Singlet     Complex     230         670.24      0.521577    609.54      409.402     9005.62     -68.6626    261.745     121.381     383.126     
 2       0       Singlet     Complex     240         689.491     0.525759    604.201     400.919     8976.36     -59.7529    283.303     129.49      412.793     
 2       0       Singlet     Complex     250         708.681     0.529877    599.026     393.724     8947.03     -51.1638    305.598     137.152     442.75      
 2       0       Singlet     Complex     260         727.815     0.533929    594.009     387.807     8917.63     -42.8554    328.61      144.341     472.951     
 2       0       Singlet     Complex     270         746.894     0.537914    589.144     383.162     8888.17     -34.7949    352.317     151.037     503.354     
 2       0       Singlet     Complex     280         765.923     0.541833    584.426     379.777     8858.65     -26.9539    376.699     157.226     533.924     
 2       0       Singlet     Complex     290         784.902     0.545687    579.849     377.641     8829.07     -19.3088    401.736     162.899     564.635     
 2       0       Singlet     Complex     300         803.833     0.54948     575.404     376.734     8799.44     -11.8389    427.409     168.058     595.468     
 2       0       Singlet     Complex     310         822.718     0.553215    571.085     377.033     8769.75     -4.52696    453.702     172.708     626.409     
 2       1       Singlet     Complex     160         533.248     0.418       657.756     502.699     9221.81     -135.976    109.19      38.3928     147.583     
 2       1       Singlet     Complex     170         553.133     0.423837    651.538     482.013     9196.74     -120.139    123.043     47.2223     170.265     
 2       1       Singlet     Complex     180         572.888     0.429743    645.395     462.897     9171.37     -105.291    137.793     56.6997     194.493     
 2       1       Singlet     Complex     190         592.531     0.435693    639.346     445.273     9145.73     -91.2806    153.438     66.7287     220.166     
 2       1       Singlet     Complex     200         612.078     0.441659    633.407     429.088     9119.87     -77.9777    169.968     77.2144     247.182     
 2       1       Singlet     Complex     210         631.54      0.447615    627.593     414.307     9093.82     -65.2727    187.37      88.0643     275.434     
 2       1       Singlet     Complex     220         650.925     0.453534    621.916     400.908     9067.61     -53.0728    205.626     99.187      304.813     
 2       1       Singlet     Complex     230         670.24      0.459396    616.388     388.882     9041.29     -41.2996    224.714     110.491     335.205     
 2       1       Singlet     Complex     240         689.491     0.465182    611.014     378.225     9014.88     -29.8869    244.611     121.887     366.498     
 2       1       Singlet     Complex     250         708.681     0.470878    605.799     368.938     8988.4      -18.7793    265.294     133.283     398.577     
 2       1       Singlet     Complex     260         727.815     0.476475    600.744     361.024     8961.89     -7.93025    286.736     144.589     431.326     
 3       0       Singlet     Complex     160         533.248     0.788808    382.045     360.497     8936.27     -37.2513    329.714     101.956     431.67      
 3       0       Singlet     Complex     170         553.133     0.797212    375.87      353.832     8883.36     -25.9881    367.071     110.39      477.461     
 3       0       Singlet     Complex     180         572.888     0.805327    369.976     350.467     8830.49     -15.2167    406.014     117.886     523.899     
 3       0       Singlet     Complex     190         592.531     0.813176    364.341     350.318     8777.65     -4.84414    446.477     124.457     570.935     
 3       1       Singlet     Complex     160         533.248     0.754071    384.066     350.125     8955.97     -22.0222    314.048     106.019     420.067     
 3       1       Singlet     Complex     170         553.133     0.764688    377.693     342.414     8904.58     -9.04411    351.024     116.557     467.581     
