#------------------------------------------------------------------------------------------------------------------------------------------------------------
#This is a QQDataDoc-file. Commentary lines may inserted using a leading "#".
#The data has been calculated using the following parameters (hopefully) consistently:
#
#         AccuracyAlpha    1E-06       
#          AccuracyWave    1E-09       
#   AggressivenessAlpha    0.5         
#            Emax (MeV)    1E+04       
#                ESteps    1000        
#       QuarkMass (MeV)    4801        
#             Rout (fm)    10          
#           StepsNumber    20000       
#              AlphaS_H    0           
#         Sigma (MeV^2)    0           
#      SigmaEff (MeV^2)    0           
#           Tchem (MeV)    120         
#           Tcrit (MeV)    160         
#------------------------------------------------------------------------------------------------------------------------------------------------------------
#N       L       ColorState  Pot.Type    Temperature DebyeMass   <r^2>^1/2   SoftScale   US_Scale    BoundMass   Energy      GammaDamp   GammaDiss   GammaTot    
#                                        (MeV)       (MeV)       (fm)        (Mev)       (Mev)       (MeV)       (MeV)       (MeV)       (MeV)       (MeV)       
#------------------------------------------------------------------------------------------------------------------------------------------------------------
 1       0       Singlet     Complex     160         988.687     0.169321    2082.01     1296.4      9050.68     -441.634    57.2072     3.6353      60.8425     
 1       0       Singlet     Complex     170         1006.42     0.169834    2078.86     1285.48     9038.53     -433.034    62.3298     5.12404     67.4539     
 1       0       Singlet     Complex     180         1020.46     0.170238    2076.37     1276.98     9028.85     -426.327    67.2963     6.92506     74.2214     
 1       0       Singlet     Complex     190         1031.8      0.170562    2074.38     1270.22     9021        -420.955    72.1451     9.05492     81.2        
 1       0       Singlet     Complex     200         1041.33     0.170831    2072.72     1264.61     9014.41     -416.463    76.9237     11.5332     88.4569     
 1       0       Singlet     Complex     210         1049.82     0.171067    2071.26     1259.67     9008.55     -412.478    81.6871     14.3822     96.0693     
 1       0       Singlet     Complex     220         1057.89     0.171289    2069.87     1255.01     9002.97     -408.698    86.4922     17.6288     104.121     
 1       0       Singlet     Complex     230         1065.94     0.17151     2068.5      1250.42     8997.4      -404.957    91.3765     21.2967     112.673     
 1       0       Singlet     Complex     240         1074.15     0.171735    2067.1      1245.76     8991.68     -401.161    96.3662     25.4088     121.775     
 1       0       Singlet     Complex     250         1082.68     0.171969    2065.65     1240.97     8985.73     -397.251    101.483     29.9847     131.468     
 1       0       Singlet     Complex     260         1091.61     0.172214    2064.12     1236.01     8979.47     -393.193    106.743     35.0439     141.787     
 1       0       Singlet     Complex     270         1100.98     0.172472    2062.52     1230.84     8972.86     -388.972    112.16      40.6031     152.763     
 1       0       Singlet     Complex     280         1110.8      0.172743    2060.85     1225.48     8965.9      -384.594    117.741     46.6764     164.417     
 1       0       Singlet     Complex     290         1121.01     0.173026    2059.1      1219.97     8958.63     -380.081    123.485     53.2732     176.758     
 1       0       Singlet     Complex     300         1131.52     0.173316    2057.3      1214.35     8951.11     -375.479    129.385     60.397      189.782     
 1       0       Singlet     Complex     310         1142.28     0.173614    2055.47     1208.66     8943.36     -370.804    135.438     68.0529     203.491     
 1       0       Singlet     Complex     320         1153.35     0.17392     2053.58     1202.87     8935.36     -366.044    141.656     76.2504     217.906     
 1       0       Singlet     Complex     330         1164.76     0.174236    2051.63     1196.98     8927.07     -361.182    148.051     84.9997     233.051     
 1       0       Singlet     Complex     340         1176.54     0.174562    2049.62     1190.96     8918.46     -356.211    154.635     94.3086     248.943     
 1       0       Singlet     Complex     350         1188.7      0.1749      2047.55     1184.83     8909.53     -351.135    161.413     104.183     265.596     
 1       0       Singlet     Complex     360         1201.22     0.175247    2045.42     1178.6      8900.28     -345.958    168.391     114.627     283.017     
 1       0       Singlet     Complex     370         1214.09     0.175605    2043.22     1172.27     8890.71     -340.688    175.573     125.642     301.214     
 1       0       Singlet     Complex     380         1227.3      0.175972    2040.97     1165.86     8880.83     -335.335    182.959     137.229     320.188     
 1       0       Singlet     Complex     390         1240.8      0.176347    2038.68     1159.4      8870.68     -329.917    190.549     149.384     339.933     
 1       0       Singlet     Complex     400         1254.55     0.176729    2036.35     1152.92     8860.29     -324.452    198.334     162.102     360.436     
 1       0       Singlet     Complex     410         1268.49     0.177116    2033.99     1146.44     8849.7      -318.961    206.309     175.373     381.682     
 1       0       Singlet     Complex     420         1282.59     0.177506    2031.61     1139.99     8838.93     -313.455    214.468     189.19      403.658     
 1       0       Singlet     Complex     430         1296.85     0.177899    2029.21     1133.56     8827.98     -307.933    222.815     203.55      426.365     
 1       0       Singlet     Complex     440         1311.29     0.178296    2026.78     1127.15     8816.85     -302.392    231.354     218.45      449.804     
 1       0       Singlet     Complex     450         1325.9      0.178697    2024.34     1120.77     8805.53     -296.832    240.087     233.885     473.971     
 1       0       Singlet     Complex     460         1340.68     0.179102    2021.87     1114.42     8794.02     -291.255    249.015     249.848     498.863     
 1       0       Singlet     Complex     470         1355.62     0.179509    2019.39     1108.11     8782.32     -285.663    258.139     266.331     524.471     
 1       0       Singlet     Complex     480         1370.7      0.17992     2016.89     1101.85     8770.46     -280.06     267.459     283.328     550.787     
 1       0       Singlet     Complex     490         1385.93     0.180333    2014.38     1095.63     8758.43     -274.447    276.974     300.828     577.802     
 1       0       Singlet     Complex     500         1401.28     0.180747    2011.86     1089.48     8746.24     -268.829    286.682     318.821     605.503     
 1       0       Singlet     Complex     510         1416.74     0.181163    2009.32     1083.4      8733.91     -263.21     296.579     337.297     633.876     
 1       0       Singlet     Complex     520         1432.3      0.181579    2006.79     1077.39     8721.46     -257.595    306.663     356.242     662.905     
 1       0       Singlet     Complex     530         1447.93     0.181995    2004.25     1071.47     8708.89     -251.989    316.927     375.639     692.567     
 1       0       Singlet     Complex     540         1463.61     0.18241     2001.73     1065.65     8696.23     -246.4      327.365     395.483     722.848     
 1       0       Singlet     Complex     550         1479.31     0.182824    1999.21     1059.95     8683.51     -240.831    337.97      415.749     753.719     
 1       0       Singlet     Complex     560         1495.04     0.183235    1996.7      1054.35     8670.72     -235.282    348.741     436.432     785.173     
 1       0       Singlet     Complex     570         1510.79     0.183644    1994.2      1048.86     8657.87     -229.752    359.679     457.515     817.194     
 1       0       Singlet     Complex     580         1526.57     0.184052    1991.71     1043.49     8644.94     -224.237    370.783     478.988     849.771     
 1       0       Singlet     Complex     590         1542.39     0.184457    1989.24     1038.23     8631.95     -218.737    382.054     500.843     882.896     
 1       0       Singlet     Complex     600         1558.23     0.184861    1986.77     1033.08     8618.89     -213.25     393.491     523.062     916.553     
 1       0       Singlet     Complex     610         1574.11     0.185262    1984.31     1028.04     8605.76     -207.776    405.094     545.635     950.728     
 1       0       Singlet     Complex     620         1590.01     0.185662    1981.86     1023.12     8592.56     -202.312    416.861     568.546     985.408     
 1       0       Singlet     Complex     630         1605.94     0.186059    1979.43     1018.32     8579.3      -196.86     428.793     591.787     1020.58     
 1       0       Singlet     Complex     640         1621.9      0.186455    1977        1013.64     8565.98     -191.418    440.889     615.339     1056.23     
 1       0       Singlet     Complex     650         1637.89     0.186849    1974.59     1009.08     8552.59     -185.985    453.146     639.188     1092.33     
 1       0       Singlet     Complex     660         1653.9      0.18724     1972.19     1004.64     8539.15     -180.562    465.563     663.322     1128.88     
 1       0       Singlet     Complex     670         1669.92     0.187629    1969.8      1000.33     8525.65     -175.149    478.139     687.723     1165.86     
 1       0       Singlet     Complex     680         1685.96     0.188015    1967.42     996.144     8512.11     -169.746    490.87      712.376     1203.25     
 1       0       Singlet     Complex     690         1702.01     0.188399    1965.06     992.093     8498.52     -164.354    503.755     737.269     1241.02     
 1       0       Singlet     Complex     700         1718.07     0.18878     1962.71     988.177     8484.89     -158.973    516.789     762.382     1279.17     
 2       0       Singlet     Complex     160         988.687     0.278929    1142.29     1333.3      7846.68     -299.107    270.907     16.2157     287.122     
 2       0       Singlet     Complex     170         1006.42     0.279681    1139.22     1319.36     7804.38     -288.748    294.501     21.7547     316.255     
 2       0       Singlet     Complex     180         1020.46     0.280244    1136.88     1308.87     7771.17     -280.365    317.353     28.1095     345.463     
 2       0       Singlet     Complex     190         1031.8      0.280663    1135.07     1300.84     7744.73     -273.35     339.639     35.2733     374.912     
 2       0       Singlet     Complex     200         1041.33     0.280982    1133.62     1294.49     7722.94     -267.211    361.569     43.2508     404.82      
 2       0       Singlet     Complex     210         1049.82     0.28124     1132.39     1289.17     7703.88     -261.546    383.384     52.0576     435.442     
 2       0       Singlet     Complex     220         1057.89     0.281468    1131.26     1284.34     7685.93     -256.029    405.332     61.7157     467.048     
 2       0       Singlet     Complex     230         1065.94     0.281686    1130.17     1279.73     7668.17     -250.478    427.572     72.2428     499.815     
 2       0       Singlet     Complex     240         1074.15     0.281903    1129.06     1275.18     7650.04     -244.791    450.214     83.6342     533.849     
 2       0       Singlet     Complex     250         1082.68     0.282128    1127.91     1270.61     7631.18     -238.902    473.346     95.8867     569.233     
 2       0       Singlet     Complex     260         1091.61     0.282363    1126.71     1265.95     7611.36     -232.771    497.036     108.988     606.024     
 2       0       Singlet     Complex     270         1100.98     0.282611    1125.46     1261.22     7590.45     -226.384    521.331     122.918     644.249     
 2       0       Singlet     Complex     280         1110.8      0.282872    1124.14     1256.43     7568.46     -219.742    546.258     137.647     683.905     
 2       0       Singlet     Complex     290         1121.01     0.283143    1122.78     1251.63     7545.47     -212.871    571.811     153.133     724.945     
 2       0       Singlet     Complex     300         1131.52     0.28342     1121.38     1246.92     7521.76     -205.822    597.945     169.323     767.268     
 2       0       Singlet     Complex     310         1142.28     0.283702    1119.96     1242.33     7497.41     -198.614    624.649     186.166     810.815     
 2       0       Singlet     Complex     320         1153.35     0.283989    1118.51     1237.87     7472.31     -191.23     651.963     203.621     855.585     
 2       0       Singlet     Complex     330         1164.76     0.284285    1117.02     1233.53     7446.32     -183.653    679.938     221.645     901.583     
 2       0       Singlet     Complex     340         1176.54     0.284591    1115.49     1229.32     7419.38     -175.876    708.607     240.183     948.79      
 2       0       Singlet     Complex     350         1188.7      0.284906    1113.92     1225.26     7391.45     -167.9      737.991     259.197     997.188     
 2       0       Singlet     Complex     360         1201.22     0.285231    1112.3      1221.39     7362.55     -159.732    768.107     278.608     1046.72     
 2       0       Singlet     Complex     370         1214.09     0.285565    1110.64     1217.73     7332.69     -151.381    798.963     298.358     1097.32     
 2       0       Singlet     Complex     380         1227.3      0.285908    1108.95     1214.34     7301.92     -142.859    830.555     318.379     1148.93     
 2       0       Singlet     Complex     390         1240.8      0.286257    1107.22     1211.25     7270.32     -134.187    862.869     338.599     1201.47     
 2       0       Singlet     Complex     400         1254.55     0.286611    1105.48     1208.51     7238.04     -125.388    895.872     358.94      1254.81     
 2       0       Singlet     Complex     410         1268.49     0.286967    1103.72     1206.18     7205.19     -116.488    929.527     379.329     1308.86     
 2       0       Singlet     Complex     420         1282.59     0.287325    1101.96     1204.28     7171.86     -107.501    963.811     399.69      1363.5      
 2       0       Singlet     Complex     430         1296.85     0.287684    1100.2      1202.84     7138.04     -98.4278    998.732     419.956     1418.69     
 2       0       Singlet     Complex     440         1311.29     0.288044    1098.42     1201.86     7103.69     -89.2669    1034.3      440.061     1474.36     
 2       0       Singlet     Complex     450         1325.9      0.288408    1096.63     1201.37     7068.8      -80.0206    1070.53     459.937     1530.46     
 2       0       Singlet     Complex     460         1340.68     0.288773    1094.84     1201.38     7033.39     -70.6926    1107.41     479.515     1586.92     
 2       0       Singlet     Complex     470         1355.62     0.289141    1093.04     1201.92     6997.47     -61.2877    1144.93     498.731     1643.67     
 2       0       Singlet     Complex     480         1370.7      0.289511    1091.23     1203.01     6961.05     -51.8114    1183.11     517.521     1700.63     
 2       0       Singlet     Complex     490         1385.93     0.289883    1089.41     1204.65     6924.15     -42.2694    1221.92     535.823     1757.74     
 2       0       Singlet     Complex     500         1401.28     0.290256    1087.6      1206.88     6886.81     -32.6685    1261.36     553.57      1814.93     
 2       0       Singlet     Complex     510         1416.74     0.29063     1085.78     1209.69     6849.06     -23.0159    1301.41     570.74      1872.15     
 2       0       Singlet     Complex     520         1432.3      0.291005    1083.96     1213.12     6810.95     -13.3199    1342.05     587.252     1929.31     
 2       0       Singlet     Complex     530         1447.93     0.29138     1082.15     1217.17     6772.53     -3.58984    1383.27     603.074     1986.34     
 2       1       Singlet     Complex     160         988.687     0.252292    1143.71     1261.56     7938.22     -211.871    236.075     13.4372     249.512     
 2       1       Singlet     Complex     170         1006.42     0.253592    1140.39     1245.72     7897.6      -199.154    257.469     17.7543     275.223     
 2       1       Singlet     Complex     180         1020.46     0.254548    1137.88     1233.67     7865.92     -188.786    278.106     22.6385     300.745     
 2       1       Singlet     Complex     190         1031.8      0.255244    1135.97     1224.33     7840.93     -180.046    298.15      28.0917     326.241     
 2       1       Singlet     Complex     200         1041.33     0.255757    1134.48     1216.81     7820.58     -172.351    317.808     34.1304     351.938     
 2       1       Singlet     Complex     210         1049.82     0.256158    1133.24     1210.4      7802.97     -165.214    337.324     40.7888     378.113     
 2       1       Singlet     Complex     220         1057.89     0.256503    1132.11     1204.51     7786.53     -158.238    356.949     48.1091     405.058     
 2       1       Singlet     Complex     230         1065.94     0.256827    1131.03     1198.83     7770.33     -151.202    376.846     56.125      432.971     
 2       1       Singlet     Complex     240         1074.15     0.257148    1129.94     1193.18     7753.84     -143.977    397.127     64.8652     461.992     
 2       1       Singlet     Complex     250         1082.68     0.257478    1128.82     1187.45     7736.69     -136.479    417.881     74.3543     492.235     
 2       1       Singlet     Complex     260         1091.61     0.257826    1127.64     1181.6      7718.66     -128.66     439.178     84.6123     523.79      
 2       1       Singlet     Complex     270         1100.98     0.258194    1126.4      1175.62     7699.64     -120.494    461.067     95.6534     556.721     
 2       1       Singlet     Complex     280         1110.8      0.258582    1125.11     1169.52     7679.62     -111.984    483.575     107.486     591.061     
 2       1       Singlet     Complex     290         1121.01     0.258986    1123.77     1163.38     7658.7      -103.159    506.696     120.106     626.801     
 2       1       Singlet     Complex     300         1131.52     0.259398    1122.4      1157.29     7637.15     -94.0813    530.382     133.496     663.877     
 2       1       Singlet     Complex     310         1142.28     0.259815    1121        1151.29     7615.04     -84.7732    554.623     147.644     702.267     
 2       1       Singlet     Complex     320         1153.35     0.26024     1119.58     1145.39     7592.26     -75.214     579.461     162.547     742.007     
 2       1       Singlet     Complex     330         1164.76     0.260678    1118.13     1139.57     7568.7      -65.3767    604.947     178.202     783.149     
 2       1       Singlet     Complex     340         1176.54     0.261129    1116.63     1133.84     7544.28     -55.2509    631.116     194.598     825.714     
 2       1       Singlet     Complex     350         1188.7      0.261596    1115.08     1128.23     7518.98     -44.8357    657.992     211.718     869.709     
 2       1       Singlet     Complex     360         1201.22     0.262076    1113.5      1122.77     7492.8      -34.1363    685.59      229.536     915.126     
 2       1       Singlet     Complex     370         1214.09     0.26257     1111.88     1117.51     7465.77     -23.1622    713.92      248.027     961.947     
 2       1       Singlet     Complex     380         1227.3      0.263076    1110.23     1112.49     7437.93     -11.9281    742.979     267.151     1010.13     
 2       1       Singlet     Complex     390         1240.8      0.263592    1108.55     1107.75     7409.37     -0.457184   772.753     286.868     1059.62     
 3       0       Singlet     Complex     160         988.687     0.429601    698.897     1021.18     6530.55     -103.149    669.673     82.5431     752.217     
 3       0       Singlet     Complex     170         1006.42     0.4324      693.221     1007.13     6460.5      -89.5151    726.215     102.517     828.732     
 3       0       Singlet     Complex     180         1020.46     0.434361    689.031     999.468     6406.73     -77.8892    780.71      123.041     903.751     
 3       0       Singlet     Complex     190         1031.8      0.435673    685.958     996.511     6364.91     -67.6484    833.603     143.895     977.498     
 3       0       Singlet     Complex     200         1041.33     0.436525    683.66      996.882     6331.22     -58.2839    885.417     164.965     1050.38     
 3       0       Singlet     Complex     210         1049.82     0.437094    681.827     999.487     6302.3      -49.3677    936.731     186.202     1122.93     
 3       0       Singlet     Complex     220         1057.89     0.437534    680.195     1003.51     6275.36     -40.5494    988.13      207.577     1195.71     
 3       0       Singlet     Complex     230         1065.94     0.437932    678.614     1008.52     6248.8      -31.634     1039.99     229.009     1269        
 3       0       Singlet     Complex     240         1074.15     0.438342    676.994     1014.32     6221.69     -22.5102    1092.55     250.379     1342.93     
 3       0       Singlet     Complex     250         1082.68     0.438798    675.276     1020.8      6193.41     -13.107     1146.01     271.556     1417.57     
 3       0       Singlet     Complex     260         1091.61     0.439324    673.421     1027.94     6163.59     -3.38327    1200.53     292.398     1492.93     
 3       1       Singlet     Complex     160         988.687     0.42403     691.097     965.002     6575        -40.7019    657.426     78.4842     735.91      
 3       1       Singlet     Complex     170         1006.42     0.427535    684.917     950.293     6506.33     -25.0128    714.008     97.5667     811.575     
 3       1       Singlet     Complex     180         1020.46     0.429921    680.455     942.455     6454.2      -11.5266    768.287     117.303     885.589     
