#------------------------------------------------------------------------------------------------------------------------------------------------------------
#This is a QQDataDoc-file. Commentary lines may inserted using a leading "#".
#The data has been calculated using the following parameters (hopefully) consistently:
#
#                      AccuracyAlpha    1E-06
#               AccuracyWaveFunction    1E-06
#                AggressivenessAlpha    0.1
#                          MaxEnergy    1E+04
#                        EnergySteps    1000
#                          QuarkMass    4801
#                          MaxRadius    10
#                         StepNumber    20000
#                          AlphaHard    0.2417
#                              Sigma    1.92E+05
#                           SigmaEff    1.92E+05
#----------------------------------------------------------------------------------------------------------------------------------------------------------------------
#N       L       ColorState  Pot.Type    Temperature DebyeMass   <r^2>^1/2   SoftScale   US_Scale    BoundMass   Energy      GammaDamp     GammaDiss     GammaTot      
#                                        (MeV)       (MeV)       (fm)        (MeV)       (MeV)       (MeV)       (MeV)       (MeV)         (MeV)         (MeV)         
#----------------------------------------------------------------------------------------------------------------------------------------------------------------------
 1       0       Singlet     Complex     20          150.398     0.214045    1514.81     1846.81     9431.38     -1366.53    0.448065      7.78609E-30   0.448065      
 1       0       Singlet     Complex     30          225.597     0.217656    1498.95     1388.35     9412.68     -918.596    1.29915       2.50222E-13   1.29915       
 1       0       Singlet     Complex     40          300.795     0.22169     1481.69     1144.03     9391.31     -685.499    2.73538       2.26457E-07   2.73538       
 1       0       Singlet     Complex     50          375.994     0.226178    1463.11     986.133     9367.32     -539.431    4.84413       0.000158165   4.84429       
 1       0       Singlet     Complex     60          371.232     0.22588     1464.36     994.55      9368.93     -547.081    5.69987       0.00131392    5.70118       
 1       0       Singlet     Complex     70          359.868     0.225172    1467.21     1015.4      9372.69     -566.096    6.33608       0.00545737    6.34153       
 1       0       Singlet     Complex     80          365.211     0.2255      1465.87     1005.48     9370.94     -557.02     7.40874       0.021992      7.43073       
 1       0       Singlet     Complex     90          377.187     0.226245    1462.83     984.067     9366.94     -537.516    8.76219       0.0725244     8.83472       
 1       0       Singlet     Complex     100         392.412     0.227209    1458.92     958.364     9361.78     -514.258    10.3499       0.195555      10.5455       
 1       0       Singlet     Complex     110         409.425     0.22831     1454.5      931.442     9355.88     -490.087    12.1544       0.445005      12.5994       
 1       0       Singlet     Complex     120         427.495     0.229507    1449.73     904.694     9349.48     -466.283    14.1689       0.883446      15.0524       
 1       0       Singlet     Complex     130         446.217     0.230776    1444.73     878.754     9342.69     -443.412    16.3909       1.57354       17.9644       
 1       0       Singlet     Complex     140         465.352     0.232104    1439.54     853.895     9335.6      -421.707    18.8202       2.57092       21.3911       
 1       0       Singlet     Complex     150         484.749     0.233483    1434.21     830.207     9328.25     -401.231    21.4571       3.92011       25.3773       
 1       0       Singlet     Complex     160         504.312     0.234907    1428.77     807.693     9320.67     -381.968    24.3033       5.65326       29.9566       
 1       0       Singlet     Complex     170         523.975     0.236374    1423.26     786.299     9312.91     -363.856    27.3587       7.79133       35.15         
 1       0       Singlet     Complex     180         543.693     0.237876    1417.64     765.99      9304.95     -346.833    30.6266       10.3444       40.971        
 1       0       Singlet     Complex     190         563.435     0.239415    1411.96     746.684     9296.82     -330.815    34.1078       13.316        47.4238       
 1       0       Singlet     Complex     200         583.179     0.240987    1406.22     728.313     9288.53     -315.724    37.8038       16.7041       54.5078       
 1       0       Singlet     Complex     210         602.909     0.242591    1400.43     710.808     9280.09     -301.484    41.7165       20.5029       62.2193       
 1       0       Singlet     Complex     220         622.613     0.244226    1394.6      694.108     9271.51     -288.026    45.8453       24.7049       70.5502       
 1       0       Singlet     Complex     230         642.283     0.24589     1388.74     678.157     9262.8      -275.286    50.193        29.3011       79.4941       
 1       0       Singlet     Complex     240         661.913     0.247581    1382.85     662.903     9253.95     -263.206    54.7599       34.2844       89.0443       
 1       0       Singlet     Complex     250         681.5       0.249299    1376.93     648.3       9244.99     -251.731    59.5466       39.6457       99.1923       
 1       0       Singlet     Complex     260         701.039     0.251042    1371        634.305     9235.91     -240.814    64.5536       45.379        109.933       
 1       0       Singlet     Complex     270         720.529     0.252807    1365.06     620.882     9226.71     -230.409    69.7817       51.4791       121.261       
 1       0       Singlet     Complex     280         739.969     0.254594    1359.11     607.998     9217.41     -220.477    75.2297       57.9422       133.172       
 1       0       Singlet     Complex     290         759.358     0.256402    1353.17     595.62      9208.01     -210.979    80.898        64.7668       145.665       
 1       0       Singlet     Complex     300         778.696     0.258227    1347.23     583.726     9198.51     -201.884    86.786        71.9521       158.738       
 1       0       Singlet     Complex     310         797.982     0.260068    1341.31     572.291     9188.92     -193.161    92.8931       79.4997       172.393       
 1       0       Singlet     Complex     320         817.217     0.261924    1335.4      561.294     9179.24     -184.78     99.2184       87.4125       186.631       
 1       0       Singlet     Complex     330         836.401     0.263792    1329.51     550.715     9169.48     -176.717    105.761       95.6949       201.455       
 1       0       Singlet     Complex     340         855.535     0.265671    1323.64     540.539     9159.64     -168.947    112.518       104.353       216.872       
 1       0       Singlet     Complex     350         874.62      0.267559    1317.81     530.75      9149.73     -161.449    119.49        113.394       232.884       
 1       0       Singlet     Complex     360         893.656     0.269453    1312.01     521.338     9139.75     -154.204    126.673       122.824       249.497       
 1       0       Singlet     Complex     370         912.644     0.271353    1306.26     512.286     9129.7      -147.192    134.067       132.654       266.722       
 1       0       Singlet     Complex     380         931.584     0.273255    1300.54     503.589     9119.59     -140.397    141.668       142.891       284.56        
 1       0       Singlet     Complex     390         950.478     0.27516     1294.87     495.236     9109.42     -133.803    149.476       153.545       303.02        
 1       0       Singlet     Complex     400         969.327     0.277064    1289.25     487.218     9099.19     -127.397    157.486       164.622       322.108       
 1       0       Singlet     Complex     410         988.131     0.278966    1283.68     479.53      9088.92     -121.163    165.696       176.135       341.832       
 1       0       Singlet     Complex     420         1006.89     0.280865    1278.16     472.165     9078.6      -115.092    174.105       188.087       362.191       
 1       0       Singlet     Complex     430         1025.61     0.28276     1272.7      465.116     9068.23     -109.17     182.708       200.481       383.189       
 1       0       Singlet     Complex     440         1044.28     0.284649    1267.3      458.381     9057.82     -103.388    191.503       213.324       404.827       
 1       0       Singlet     Complex     450         1062.92     0.286531    1261.96     451.953     9047.38     -97.736     200.488       226.613       427.101       
 1       0       Singlet     Complex     460         1081.51     0.288406    1256.68     445.832     9036.89     -92.2057    209.658       240.342       450           
 1       0       Singlet     Complex     470         1100.06     0.290272    1251.46     440.013     9026.37     -86.7887    219.012       254.503       473.514       
 1       0       Singlet     Complex     480         1118.58     0.292129    1246.3      434.494     9015.82     -81.4773    228.545       269.08        497.625       
 1       0       Singlet     Complex     490         1137.05     0.293975    1241.21     429.272     9005.24     -76.2646    238.256       284.053       522.309       
 1       0       Singlet     Complex     500         1155.49     0.295812    1236.18     424.346     8994.63     -71.1443    248.14        299.394       547.535       
 1       0       Singlet     Complex     510         1173.89     0.297637    1231.21     419.713     8983.99     -66.1104    258.197       315.068       573.264       
 1       0       Singlet     Complex     520         1192.26     0.299452    1226.31     415.373     8973.33     -61.1576    268.421       331.029       599.45        
 1       0       Singlet     Complex     530         1210.59     0.301255    1221.47     411.323     8962.64     -56.2806    278.81        347.226       626.037       
 1       0       Singlet     Complex     540         1228.89     0.303047    1216.69     407.564     8951.93     -51.475     289.363       363.596       652.959       
 1       0       Singlet     Complex     550         1247.15     0.304827    1211.98     404.093     8941.19     -46.7363    300.076       380.069       680.145       
 1       0       Singlet     Complex     560         1265.38     0.306596    1207.32     400.91      8930.43     -42.0609    310.946       396.563       707.509       
 1       0       Singlet     Complex     570         1283.58     0.308354    1202.73     398.014     8919.66     -37.4446    321.97        412.993       734.963       
 1       0       Singlet     Complex     580         1301.74     0.310101    1198.19     395.404     8908.86     -32.8847    333.147       429.26        762.407       
 1       0       Singlet     Complex     590         1319.87     0.311836    1193.72     393.079     8898.04     -28.3776    344.473       445.263       789.736       
 1       0       Singlet     Complex     600         1337.97     0.313561    1189.3      391.036     8887.2      -23.9201    355.947       460.904       816.85        
 1       0       Singlet     Complex     610         1356.04     0.315276    1184.93     389.274     8876.34     -19.5099    367.565       476.071       843.636       
 1       0       Singlet     Complex     620         1374.09     0.31698     1180.62     387.795     8865.46     -15.1447    379.325       490.652       869.977       
 1       0       Singlet     Complex     630         1392.1      0.318674    1176.37     386.592     8854.56     -10.8216    391.226       504.566       895.791       
 1       0       Singlet     Complex     640         1410.08     0.32036     1172.17     385.666     8843.64     -6.53827    403.265       517.702       920.967       
 1       0       Singlet     Complex     650         1428.04     0.322036    1168.01     385.015     8832.71     -2.29383    415.439       529.973       945.412       
 1       0       Singlet     Complex     660         1445.96     0.323704    1163.91     384.635     8821.75     1.9144      427.749       549.395       977.145       
 1       0       Singlet     Complex     670         1463.86     0.325365    1159.86     384.522     8810.77     6.0886      440.191       578.339       1018.53       
 1       0       Singlet     Complex     680         1481.73     0.327017    1155.86     384.677     8799.77     10.2297     452.763       607.365       1060.13       
 1       0       Singlet     Complex     690         1499.58     0.328662    1151.9      385.095     8788.76     14.3393     465.463       636.361       1101.82       
 1       0       Singlet     Complex     700         1517.4      0.3303      1147.99     385.771     8777.72     18.4191     478.291       665.232       1143.52       
 2       0       Singlet     Complex     20          150.398     0.439578    755.341     1503.29     9710.04     -1033.79    2.36653       1.07009E-21   2.36653       
 2       0       Singlet     Complex     30          225.597     0.451557    729.115     1045.99     9637.23     -606.559    6.76242       5.37644E-08   6.76242       
 2       0       Singlet     Complex     40          300.795     0.464693    702.703     804.881     9555.46     -395.136    14.0964       0.00168663    14.0981       
 2       0       Singlet     Complex     50          375.994     0.479096    676.447     652.125     9464.43     -271.23     24.7748       0.146991      24.9218       
 2       0       Singlet     Complex     60          371.232     0.478117    678.141     660.232     9470.58     -277.406    29.157        0.490923      29.6479       
 2       0       Singlet     Complex     70          359.868     0.475833    682.123     680.26      9484.94     -292.985    32.4449       1.09121       33.5361       
 2       0       Singlet     Complex     80          365.211     0.476848    680.313     670.832     9478.38     -285.402    37.9136       2.50053       40.4141       
 2       0       Singlet     Complex     90          377.187     0.47918     676.222     650.488     9463.39     -269.321    44.7816       5.1011        49.8827       
 2       0       Singlet     Complex     100         392.412     0.482187    671.048     626.229     9444        -250.402    52.8112       9.16949       61.9806       
 2       0       Singlet     Complex     110         409.425     0.485595    665.314     601.058     9421.93     -231.043    61.9079       14.804        76.7119       
 2       0       Singlet     Complex     120         427.495     0.489262    659.292     576.343     9398.02     -212.283    72.0296       21.9506       93.9802       
 2       0       Singlet     Complex     130         446.217     0.493108    653.136     552.718     9372.77     -194.551    83.1524       30.4687       113.621       
 2       0       Singlet     Complex     140         465.352     0.497077    646.946     530.462     9346.48     -177.985    95.2625       40.195        135.457       
 2       0       Singlet     Complex     150         484.749     0.501129    640.787     509.69      9319.36     -162.584    108.349       50.9824       159.331       
 2       0       Singlet     Complex     160         504.312     0.505235    634.706     490.425     9291.55     -148.281    122.399       62.7205       185.12        
 2       0       Singlet     Complex     170         523.975     0.509369    628.742     472.65      9263.17     -134.978    137.399       75.3378       212.737       
 2       0       Singlet     Complex     180         543.693     0.513501    622.912     456.349     9234.3      -122.576    153.334       88.7867       242.121       
 2       0       Singlet     Complex     190         563.435     0.517614    617.24      441.482     9205.04     -110.968    170.186       103.042       273.228       
 2       0       Singlet     Complex     200         583.179     0.521688    611.739     428.016     9175.43     -100.057    187.933       118.072       306.005       
 2       0       Singlet     Complex     210         602.909     0.525707    606.416     415.926     9145.54     -89.7553    206.553       133.821       340.374       
 2       0       Singlet     Complex     220         622.613     0.529658    601.279     405.184     9115.42     -79.9817    226.023       150.189       376.212       
 2       0       Singlet     Complex     230         642.283     0.533531    596.327     395.773     9085.1      -70.6684    246.318       167.002       413.32        
 2       0       Singlet     Complex     240         661.913     0.537317    591.559     387.679     9054.61     -61.7552    267.414       183.993       451.407       
 2       0       Singlet     Complex     250         681.5       0.541013    586.973     380.884     9023.98     -53.1892    289.283       200.801       490.085       
 2       0       Singlet     Complex     260         701.039     0.544612    582.562     375.38      8993.24     -44.927     311.904       216.963       528.867       
 2       0       Singlet     Complex     270         720.529     0.548117    578.321     371.15      8962.38     -36.9297    335.251       231.952       567.203       
 2       0       Singlet     Complex     280         739.969     0.551526    574.242     368.181     8931.43     -29.1661    359.303       245.22        604.523       
 2       0       Singlet     Complex     290         759.358     0.554844    570.318     366.452     8900.39     -21.6071    384.038       256.285       640.322       
 2       0       Singlet     Complex     300         778.696     0.558072    566.54      365.941     8869.27     -14.2302    409.435       264.774       674.208       
 2       0       Singlet     Complex     310         797.982     0.561216    562.899     366.622     8838.06     -7.01491    435.476       270.505       705.981       
 2       0       Singlet     Complex     320         817.217     0.564278    559.389     368.462     8806.77     0.0561484   462.143       273.732       735.874       
 2       0       Singlet     Complex     330         836.401     0.567265    556.001     371.426     8775.39     6.99722     489.419       303.853       793.272       
 2       0       Singlet     Complex     340         855.535     0.570182    552.729     375.472     8743.92     13.8223     517.289       333.298       850.588       
 2       0       Singlet     Complex     350         874.62      0.573034    549.563     380.558     8712.36     20.5417     545.741       361.81        907.551       
 2       0       Singlet     Complex     360         893.656     0.575825    546.498     386.639     8680.69     27.1652     574.759       389.3         964.059       
 2       0       Singlet     Complex     370         912.644     0.578561    543.527     393.667     8648.91     33.7017     604.334       415.813       1020.15       
 2       0       Singlet     Complex     380         931.584     0.581247    540.645     401.594     8617.02     40.159      634.451       441.487       1075.94       
 2       0       Singlet     Complex     390         950.478     0.583887    537.846     410.372     8585.01     46.5436     665.103       466.492       1131.6        
 2       0       Singlet     Complex     400         969.327     0.586486    535.126     419.954     8552.88     52.862      696.278       491.107       1187.39       
 2       0       Singlet     Complex     410         988.131     0.589049    532.478     430.294     8520.6      59.1191     727.971       515.494       1243.46       
 2       0       Singlet     Complex     420         1006.89     0.591579    529.899     441.35      8488.19     65.3205     760.171       539.888       1300.06       
 2       0       Singlet     Complex     430         1025.61     0.594079    527.384     453.081     8455.63     71.4705     792.871       564.487       1357.36       
 2       0       Singlet     Complex     440         1044.28     0.596552    524.93      465.446     8422.91     77.5729     826.066       589.458       1415.52       
 2       0       Singlet     Complex     450         1062.92     0.599004    522.534     478.411     8390.03     83.6324     859.749       614.964       1474.71       
 2       0       Singlet     Complex     460         1081.51     0.601435    520.192     491.94      8356.99     89.6514     893.914       641.131       1535.05       
 2       0       Singlet     Complex     470         1100.06     0.603851    517.901     506.004     8323.77     95.6341     928.557       668.08        1596.64       
 2       0       Singlet     Complex     480         1118.58     0.606252    515.659     520.575     8290.37     101.584     963.672       695.913       1659.59       
 2       0       Singlet     Complex     490         1137.05     0.608641    513.463     535.624     8256.79     107.503     999.255       724.717       1723.97       
 2       0       Singlet     Complex     500         1155.49     0.61102     511.31      551.129     8223.02     113.394     1035.3        754.566       1789.87       
 2       0       Singlet     Complex     510         1173.89     0.613392    509.2       567.068     8189.05     119.261     1071.81       785.514       1857.32       
 2       0       Singlet     Complex     520         1192.26     0.615759    507.129     583.421     8154.88     125.104     1108.78       817.693       1926.47       
 2       0       Singlet     Complex     530         1210.59     0.618122    505.096     600.171     8120.51     130.927     1146.19       851.088       1997.28       
 2       0       Singlet     Complex     540         1228.89     0.620483    503.099     617.3       8085.93     136.733     1184.07       885.783       2069.85       
 2       0       Singlet     Complex     550         1247.15     0.622844    501.138     634.794     8051.13     142.522     1222.39       921.824       2144.21       
 2       0       Singlet     Complex     560         1265.38     0.625204    499.209     652.64      8016.11     148.298     1261.15       959.265       2220.42       
 2       0       Singlet     Complex     570         1283.58     0.627568    497.313     670.825     7980.88     154.061     1300.36       998.151       2298.52       
 2       0       Singlet     Complex     580         1301.74     0.629936    495.447     689.339     7945.41     159.815     1340.02       1038.54       2378.56       
 2       0       Singlet     Complex     590         1319.87     0.632307    493.61      708.171     7909.72     165.56      1380.11       1080.46       2460.58       
 2       0       Singlet     Complex     600         1337.97     0.634683    491.802     727.313     7873.79     171.298     1420.65       1123.98       2544.63       
 2       0       Singlet     Complex     610         1356.04     0.637068    490.022     746.756     7837.63     177.032     1461.62       1169.14       2630.76       
 2       0       Singlet     Complex     620         1374.09     0.639458    488.269     766.492     7801.22     182.761     1503.03       1215.98       2719.01       
 2       0       Singlet     Complex     630         1392.1      0.641857    486.541     786.516     7764.58     188.49      1544.88       1264.56       2809.44       
 2       0       Singlet     Complex     640         1410.08     0.644266    484.838     806.82      7727.69     194.218     1587.16       1314.94       2902.1        
 2       0       Singlet     Complex     650         1428.04     0.646684    483.159     827.4       7690.55     199.947     1629.88       1367.15       2997.02       
 2       0       Singlet     Complex     660         1445.96     0.649112    481.504     848.25      7653.16     205.679     1673.03       1421.25       3094.28       
 2       0       Singlet     Complex     670         1463.86     0.651551    479.872     869.366     7615.52     211.414     1716.61       1477.3        3193.91       
 2       0       Singlet     Complex     680         1481.73     0.654001    478.262     890.743     7577.62     217.155     1760.62       1535.35       3295.97       
 2       0       Singlet     Complex     690         1499.58     0.656465    476.673     912.378     7539.46     222.902     1805.06       1595.46       3400.53       
 2       0       Singlet     Complex     700         1517.4      0.658937    475.106     934.268     7501.04     228.656     1849.94       1657.68       3507.62       
 2       1       Singlet     Complex     20          150.398     0.352163    732.963     1554.12     9636.13     -1103.68    1.73355       2.51248E-23   1.73355       
 2       1       Singlet     Complex     30          225.597     0.363738    715.694     1085.65     9582.7      -657.135    5.04161       6.54539E-09   5.04161       
 2       1       Singlet     Complex     40          300.795     0.377403    696.806     833.539     9519.96     -428.093    10.7157       0.000432406   10.7161       
 2       1       Singlet     Complex     50          375.994     0.393616    676.36      670.029     9447.15     -288.46     19.2503       0.0560218     19.3063       
 2       1       Singlet     Complex     60          371.232     0.392472    677.739     678.786     9452.17     -295.582    22.6214       0.192144      22.8136       
 2       1       Singlet     Complex     70          359.868     0.389834    680.946     700.392     9463.83     -313.437    25.0839       0.431143      25.515        
 2       1       Singlet     Complex     80          365.211     0.391007    679.496     690.189     9458.51     -304.799    29.3589       1.04222       30.4012       
 2       1       Singlet     Complex     90          377.187     0.393729    676.195     668.118     9446.33     -286.368    34.8053       2.26711       37.0724       
 2       1       Singlet     Complex     100         392.412     0.397293    671.954     641.675     9430.45     -264.537    41.2427       4.3537        45.5964       
 2       1       Singlet     Complex     110         409.425     0.401407    667.168     614.071     9412.22     -242.023    48.6125       7.50289       56.1154       
 2       1       Singlet     Complex     120         427.495     0.405924    662.041     586.783     9392.3      -220.029    56.8991       11.8541       68.7532       
 2       1       Singlet     Complex     130         446.217     0.41076     656.694     560.502     9371.06     -199.072    66.1043       17.498        83.6023       
 2       1       Singlet     Complex     140         465.352     0.41586     651.206     535.547     9348.74     -179.337    76.2366       24.5002       100.737       
 2       1       Singlet     Complex     150         484.749     0.42118     645.636     512.053     9325.51     -160.849    87.3063       32.9241       120.23        
 2       1       Singlet     Complex     160         504.312     0.426684    640.035     490.055     9301.48     -143.547    99.3217       42.8511       142.173       
 2       1       Singlet     Complex     170         523.975     0.432329    634.436     469.57      9276.75     -127.344    112.288       54.3879       166.676       
 2       1       Singlet     Complex     180         543.693     0.438079    628.877     450.574     9251.42     -112.125    126.206       67.6837       193.89        
 2       1       Singlet     Complex     190         563.435     0.443897    623.391     433.042     9225.57     -97.7744    141.071       82.9275       223.998       
 2       1       Singlet     Complex     200         583.179     0.449743    618.004     416.953     9199.28     -84.182     156.871       100.347       257.218       
 2       1       Singlet     Complex     210         602.909     0.455581    612.739     402.286     9172.62     -71.2443    173.592       120.192       293.784       
 2       1       Singlet     Complex     220         622.613     0.461377    607.614     389.029     9145.66     -58.8675    191.212       142.724       333.935       
 2       1       Singlet     Complex     230         642.283     0.4671      602.642     377.171     9118.46     -46.9689    209.708       168.143       377.85        
 2       1       Singlet     Complex     240         661.913     0.472728    597.834     366.705     9091.06     -35.475     229.054       196.548       425.601       
 2       1       Singlet     Complex     250         681.5       0.478242    593.195     357.627     9063.52     -24.3241    249.222       227.814       477.036       
 2       1       Singlet     Complex     260         701.039     0.483628    588.727     349.933     9035.87     -13.4629    270.186       261.485       531.67        
 2       1       Singlet     Complex     270         720.529     0.488876    584.427     343.623     9008.14     -2.84676    291.916       296.644       588.561       
 2       1       Singlet     Complex     280         739.969     0.493987    580.294     338.685     8980.35     7.56298     314.388       355.984       670.371       
 2       1       Singlet     Complex     290         759.358     0.498956    576.322     335.113     8952.51     17.7971     337.574       418.398       755.972       
 2       1       Singlet     Complex     300         778.696     0.503786    572.503     332.889     8924.65     27.8823     361.451       481.6         843.051       
 2       1       Singlet     Complex     310         797.982     0.508485    568.834     331.988     8896.77     37.8417     385.996       552.092       938.088       
 2       1       Singlet     Complex     320         817.217     0.513057    565.304     332.384     8868.88     47.6932     411.187       630.371       1041.56       
 2       1       Singlet     Complex     330         836.401     0.517508    561.906     334.037     8840.97     57.4529     437.006       716.985       1153.99       
 2       1       Singlet     Complex     340         855.535     0.521847    558.633     336.905     8813.04     67.1343     463.432       812.489       1275.92       
 2       1       Singlet     Complex     350         874.62      0.526084    555.478     340.935     8785.1      76.749      490.45        877.788       1368.24       
 2       1       Singlet     Complex     360         893.656     0.530226    552.432     346.075     8757.14     86.3068     518.044       930.576       1448.62       
 2       1       Singlet     Complex     370         912.644     0.534279    549.49      352.267     8729.15     95.8158     546.198       976.738       1522.94       
 2       1       Singlet     Complex     380         931.584     0.538254    546.643     359.451     8701.14     105.284     574.901       1017.74       1592.64       
 2       1       Singlet     Complex     390         950.478     0.542157    543.887     367.569     8673.08     114.717     604.139       1055.11       1659.25       
 2       1       Singlet     Complex     400         969.327     0.545997    541.215     376.561     8644.99     124.121     633.9         1090.29       1724.19       
 2       1       Singlet     Complex     410         988.131     0.549778    538.621     386.37      8616.84     133.501     664.176       1124.49       1788.67       
 2       1       Singlet     Complex     420         1006.89     0.55351     536.102     396.941     8588.64     142.862     694.955       1158.7        1853.65       
 2       1       Singlet     Complex     430         1025.61     0.557196    533.651     408.225     8560.38     152.208     726.229       1193.72       1919.94       
 2       1       Singlet     Complex     440         1044.28     0.560843    531.265     420.17      8532.04     161.542     757.989       1230.11       1988.1        
 2       1       Singlet     Complex     450         1062.92     0.564457    528.939     432.735     8503.63     170.868     790.229       1268.34       2058.57       
 2       1       Singlet     Complex     460         1081.51     0.568041    526.671     445.878     8475.13     180.189     822.941       1308.75       2131.69       
 2       1       Singlet     Complex     470         1100.06     0.5716      524.455     459.561     8446.54     189.509     856.119       1351.6        2207.72       
 2       1       Singlet     Complex     480         1118.58     0.575139    522.29      473.751     8417.85     198.829     889.756       1397.1        2286.86       
 2       1       Singlet     Complex     490         1137.05     0.578661    520.172     488.417     8389.06     208.154     923.848       1445.4        2369.25       
 2       1       Singlet     Complex     500         1155.49     0.582169    518.098     503.531     8360.16     217.484     958.389       1496.65       2455.03       
 2       1       Singlet     Complex     510         1173.89     0.585667    516.066     519.069     8331.14     226.822     993.376       1550.93       2544.31       
 2       1       Singlet     Complex     520         1192.26     0.589159    514.074     535.007     8302        236.172     1028.8        1608.37       2637.17       
 2       1       Singlet     Complex     530         1210.59     0.592644    512.119     551.326     8272.73     245.534     1064.67       1669.03       2733.7        
 2       1       Singlet     Complex     540         1228.89     0.596128    510.199     568.007     8243.33     254.911     1100.96       1733.03       2833.99       
 2       1       Singlet     Complex     550         1247.15     0.599611    508.314     585.035     8213.78     264.305     1137.69       1800.44       2938.13       
 2       1       Singlet     Complex     560         1265.38     0.603096    506.46      602.395     8184.09     273.719     1174.84       1871.34       3046.18       
 2       1       Singlet     Complex     570         1283.58     0.606584    504.637     620.073     8154.26     283.153     1212.42       1945.83       3158.25       
 2       1       Singlet     Complex     580         1301.74     0.610078    502.842     638.058     8124.26     292.609     1250.42       2023.99       3274.41       
 2       1       Singlet     Complex     590         1319.87     0.613579    501.076     656.34      8094.11     302.09      1288.84       2105.93       3394.77       
 2       1       Singlet     Complex     600         1337.97     0.617087    499.336     674.91      8063.8      311.598     1327.68       2191.73       3519.41       
 2       1       Singlet     Complex     610         1356.04     0.620604    497.621     693.758     8033.31     321.133     1366.93       2281.5        3648.43       
 2       1       Singlet     Complex     620         1374.09     0.624131    495.931     712.877     8002.66     330.697     1406.6        2375.35       3781.95       
 2       1       Singlet     Complex     630         1392.1      0.627669    494.264     732.262     7971.83     340.293     1446.68       2473.38       3920.06       
 2       1       Singlet     Complex     640         1410.08     0.631219    492.619     751.904     7940.82     349.921     1487.17       2575.72       4062.89       
 2       1       Singlet     Complex     650         1428.04     0.634781    490.996     771.8       7909.62     359.583     1528.07       2682.47       4210.54       
 2       1       Singlet     Complex     660         1445.96     0.638356    489.394     791.944     7878.24     369.281     1569.37       2793.76       4363.14       
 2       1       Singlet     Complex     670         1463.86     0.641945    487.813     812.332     7846.67     379.016     1611.09       2909.73       4520.82       
 2       1       Singlet     Complex     680         1481.73     0.645549    486.251     832.959     7814.91     388.79      1653.22       3030.49       4683.71       
 2       1       Singlet     Complex     690         1499.58     0.649166    484.707     853.823     7782.95     398.603     1695.75       3156.14       4851.88       
 3       0       Singlet     Complex     20          150.398     0.633616    530.389     1380.13     9811.79     -862.498    6.09225       1.24398E-17   6.09225       
 3       0       Singlet     Complex     30          225.597     0.651847    504.047     937.686     9656.74     -465.223    17.4008       1.08628E-05   17.4008       
 3       0       Singlet     Complex     40          300.795     0.669744    479.995     712.084     9481.4      -280.54     36.2743       0.0450543     36.3194       
 3       0       Singlet     Complex     50          375.994     0.68727     458.502     575.096     9284.35     -179.564    63.6469       1.23693       64.8839       
 3       0       Singlet     Complex     60          371.232     0.685958    459.844     582.524     9297.99     -184.141    74.8888       3.07215       77.961        
 3       0       Singlet     Complex     70          359.868     0.683102    463.003     600.48      9329.46     -196.203    83.331        5.66568       88.9967       
 3       0       Singlet     Complex     80          365.211     0.684071    461.609     592.582     9315.56     -189.821    97.3138       10.4438       107.758       
 3       0       Singlet     Complex     90          377.187     0.686474    458.472     575.337     9283.51     -176.648    114.823       17.5014       132.324       
 3       0       Singlet     Complex     100         392.412     0.68949     454.594     555.107     9242.07     -161.232    135.212       26.6215       161.833       
 3       0       Singlet     Complex     110         409.425     0.692749    450.419     534.66      9194.99     -145.459    158.196       37.4017       195.598       
 3       0       Singlet     Complex     120         427.495     0.696054    446.174     515.297     9144.19     -130.096    183.615       49.4086       233.024       
 3       0       Singlet     Complex     130         446.217     0.69929     441.983     497.656     9090.78     -115.418    211.353       62.2557       273.608       
 3       0       Singlet     Complex     140         465.352     0.702381    437.915     482.071     9035.47     -101.476    241.311       75.6113       316.923       
 3       0       Singlet     Complex     150         484.749     0.705282    434.01      468.725     8978.73     -88.2242    273.401       89.162        362.563       
 3       0       Singlet     Complex     160         504.312     0.707965    430.286     457.727     8920.9      -75.5791    307.535       102.586       410.12        
 3       0       Singlet     Complex     170         523.975     0.710418    426.75      449.141     8862.21     -63.4486    343.627       115.528       459.155       
 3       0       Singlet     Complex     180         543.693     0.712632    423.401     443.025     8802.84     -51.7512    381.6         127.603       509.204       
 3       0       Singlet     Complex     190         563.435     0.714613    420.231     439.4       8742.9      -40.4103    421.379       138.431       559.81        
 3       0       Singlet     Complex     200         583.179     0.716374    417.233     438.27      8682.48     -29.3615    462.893       147.691       610.584       
 3       0       Singlet     Complex     210         602.909     0.71793     414.397     439.619     8621.65     -18.5513    506.077       155.172       661.249       
 3       0       Singlet     Complex     220         622.613     0.719295    411.71      443.411     8560.42     -7.93569    550.873       160.817       711.69        
 3       0       Singlet     Complex     230         642.283     0.720491    409.161     449.584     8498.85     2.52155     597.227       170.623       767.85        
 3       0       Singlet     Complex     240         661.913     0.721534    406.742     458.059     8436.92     12.8502     645.089       198.76        843.849       
 3       0       Singlet     Complex     250         681.5       0.722445    404.441     468.737     8374.67     23.0758     694.414       227.529       921.944       
 3       0       Singlet     Complex     260         701.039     0.72324     402.249     481.511     8312.07     33.2183     745.163       256.683       1001.85       
 3       0       Singlet     Complex     270         720.529     0.723938    400.159     496.262     8249.13     43.2943     797.299       286.113       1083.41       
 3       0       Singlet     Complex     280         739.969     0.724554    398.161     512.87      8185.85     53.3198     850.787       315.825       1166.61       
 3       0       Singlet     Complex     290         759.358     0.72511     396.251     531.212     8122.23     63.3065     905.596       345.898       1251.49       
 3       0       Singlet     Complex     300         778.696     0.725612    394.42      551.176     8058.25     73.2634     961.7         376.443       1338.14       
 3       0       Singlet     Complex     310         797.982     0.726077    392.664     572.648     7993.9      83.2006     1019.07       407.618       1426.69       
 3       0       Singlet     Complex     320         817.217     0.726516    390.977     595.526     7929.19     93.1244     1077.69       439.561       1517.25       
 3       0       Singlet     Complex     330         836.401     0.72694     389.354     619.715     7864.1      103.042     1137.53       472.427       1609.95       
 3       0       Singlet     Complex     340         855.535     0.72736     387.791     645.127     7798.62     112.958     1198.57       506.353       1704.92       
 3       0       Singlet     Complex     350         874.62      0.727783    386.285     671.685     7732.75     122.877     1260.79       541.466       1802.26       
 3       0       Singlet     Complex     360         893.656     0.728217    384.831     699.316     7666.47     132.804     1324.18       577.891       1902.07       
 3       0       Singlet     Complex     370         912.644     0.72867     383.427     727.958     7599.79     142.741     1388.72       615.733       2004.46       
 3       0       Singlet     Complex     380         931.584     0.729147    382.068     757.553     7532.69     152.692     1454.4        655.094       2109.49       
 3       0       Singlet     Complex     390         950.478     0.729654    380.753     788.052     7465.16     162.659     1521.2        696.068       2217.27       
 3       0       Singlet     Complex     400         969.327     0.730196    379.479     819.409     7397.2      172.644     1589.11       738.745       2327.85       
 3       0       Singlet     Complex     410         988.131     0.730777    378.243     851.584     7328.8      182.65      1658.11       783.211       2441.32       
 3       0       Singlet     Complex     420         1006.89     0.731399    377.044     884.542     7259.96     192.678     1728.2        829.545       2557.75       
 3       0       Singlet     Complex     430         1025.61     0.732065    375.878     918.251     7190.65     202.73      1799.37       877.83        2677.2        
 3       0       Singlet     Complex     440         1044.28     0.73278     374.745     952.683     7120.88     212.807     1871.61       928.138       2799.75       
 3       0       Singlet     Complex     450         1062.92     0.733542    373.643     987.812     7050.64     222.911     1944.9        980.564       2925.47       
 3       0       Singlet     Complex     460         1081.51     0.734357    372.57      1023.62     6979.92     233.044     2019.25       1035.17       3054.42       
 3       0       Singlet     Complex     470         1100.06     0.735222    371.524     1060.08     6908.71     243.205     2094.63       1092.03       3186.67       
 3       0       Singlet     Complex     480         1118.58     0.736141    370.503     1097.18     6837.01     253.397     2171.06       1151.24       3322.3        
 3       0       Singlet     Complex     490         1137.05     0.737114    369.508     1134.9      6764.8      263.62      2248.51       1212.86       3461.38       
 3       0       Singlet     Complex     500         1155.49     0.73814     368.536     1173.23     6692.08     273.877     2326.99       1276.99       3603.98       
 3       0       Singlet     Complex     510         1173.89     0.73922     367.586     1212.15     6618.85     284.167     2406.49       1343.69       3750.18       
 3       0       Singlet     Complex     520         1192.26     0.740354    366.658     1251.67     6545.08     294.492     2487          1413.06       3900.07       
 3       0       Singlet     Complex     530         1210.59     0.741542    365.75      1291.75     6470.79     304.854     2568.52       1485.18       4053.71       
 3       0       Singlet     Complex     540         1228.89     0.742784    364.861     1332.4      6395.95     315.253     2651.05       1560.14       4211.19       
 3       0       Singlet     Complex     550         1247.15     0.744078    363.99      1373.61     6320.56     325.69      2734.59       1638.02       4372.6        
 3       0       Singlet     Complex     560         1265.38     0.745425    363.137     1415.37     6244.62     336.168     2819.12       1718.91       4538.03       
 3       0       Singlet     Complex     570         1283.58     0.746824    362.301     1457.67     6168.11     346.686     2904.65       1802.9        4707.55       
 3       0       Singlet     Complex     580         1301.74     0.748273    361.481     1500.51     6091.04     357.246     2991.18       1890.1        4881.28       
 3       0       Singlet     Complex     590         1319.87     0.749772    360.676     1543.89     6013.39     367.851     3078.7        1980.59       5059.29       
 3       0       Singlet     Complex     600         1337.97     0.75132     359.886     1587.8      5935.15     378.5       3167.21       2074.48       5241.68       
 3       0       Singlet     Complex     610         1356.04     0.752917    359.111     1632.23     5856.33     389.194     3256.71       2171.85       5428.56       
 3       0       Singlet     Complex     620         1374.09     0.754559    358.349     1677.18     5776.91     399.936     3347.2        2272.81       5620.01       
 3       0       Singlet     Complex     630         1392.1      0.756248    357.6       1722.65     5696.89     410.727     3438.68       2377.47       5816.15       
 3       0       Singlet     Complex     640         1410.08     0.757983    356.864     1768.64     5616.26     421.568     3531.14       2485.93       6017.08       
 3       0       Singlet     Complex     650         1428.04     0.75976     356.14      1815.14     5535.03     432.46      3624.59       2598.31       6222.9        
 3       0       Singlet     Complex     660         1445.96     0.761578    355.428     1862.15     5453.17     443.404     3719.03       2714.67       6433.7        
 3       0       Singlet     Complex     670         1463.86     0.763441    354.728     1909.67     5370.69     454.403     3814.45       2835.22       6649.66       
 3       0       Singlet     Complex     680         1481.73     0.765341    354.038     1957.7      5287.58     465.457     3910.86       2959.97       6870.83       
 3       0       Singlet     Complex     690         1499.58     0.767281    353.359     2006.24     5203.83     476.567     4008.25       3089.09       7097.33       
 3       0       Singlet     Complex     700         1517.4      0.769259    352.691     2055.28     5119.45     487.735     4106.62       3222.68       7329.3        
 3       1       Singlet     Complex     20          150.398     0.569261    522.075     1417.28     9762.53     -906.932    5.33779       9.80901E-19   5.33779       
 3       1       Singlet     Complex     30          225.597     0.591325    501.083     960.261     9629.09     -489.765    15.4299       3.27932E-06   15.4299       
 3       1       Singlet     Complex     40          300.795     0.614919    480.154     722.467     9472.29     -289.924    32.6562       0.0238158     32.68         
 3       1       Singlet     Complex     50          375.994     0.639703    459.887     575.867     9289.45     -178.07     58.3419       0.855741      59.1977       
 3       1       Singlet     Complex     60          371.232     0.637892    461.211     583.771     9302.39     -183.205    68.559        2.15838       70.7174       
 3       1       Singlet     Complex     70          359.868     0.633878    464.288     602.971     9332.04     -196.681    76.0637       4.01795       80.0816       
 3       1       Singlet     Complex     80          365.211     0.635389    462.958     594.384     9319.1      -189.593    88.9377       7.73171       96.6694       
 3       1       Singlet     Complex     90          377.187     0.639026    459.93      575.692     9289.06     -174.909    105.241       13.6281       118.869       
 3       1       Singlet     Complex     100         392.412     0.643626    456.144     553.718     9250        -157.684    124.384       21.787        146.171       
 3       1       Singlet     Complex     110         409.425     0.648669    452.021     531.437     9205.37     -140.016    146.124       32.0577       178.182       
 3       1       Singlet     Complex     120         427.495     0.653878    447.786     510.232     9156.96     -122.757    170.332       44.1713       214.503       
 3       1       Singlet     Complex     130         446.217     0.659071    443.566     490.803     9105.82     -106.217    196.913       57.8197       254.732       
 3       1       Singlet     Complex     140         465.352     0.664135    439.442     473.509     9052.65     -90.4474    225.786       72.6859       298.471       
 3       1       Singlet     Complex     150         484.749     0.66898     435.457     458.56      8997.91     -75.3967    256.868       88.4245       345.293       
 3       1       Singlet     Complex     160         504.312     0.673555    431.641     446.077     8941.98     -60.9675    290.077       104.633       394.71        
 3       1       Singlet     Complex     170         523.975     0.677836    428.007     436.131     8885.12     -47.0521    325.328       120.822       446.15        
 3       1       Singlet     Complex     180         543.693     0.681802    424.557     428.787     8827.53     -33.5556    362.54        136.402       498.942       
 3       1       Singlet     Complex     190         563.435     0.685455    421.29      424.077     8769.33     -20.3923    401.634       150.746       552.379       
 3       1       Singlet     Complex     200         583.179     0.688805    418.198     422.012     8710.64     -7.49014    442.536       163.247       605.782       
 3       1       Singlet     Complex     210         602.909     0.691868    415.271     422.58      8651.53     5.21022     485.178       183.82        668.998       
 3       1       Singlet     Complex     220         622.613     0.694665    412.499     425.744     8592.05     17.7568     529.497       219.867       749.364       
 3       1       Singlet     Complex     230         642.283     0.69722     409.872     431.44      8532.22     30.1895     575.437       257.139       832.576       
 3       1       Singlet     Complex     240         661.913     0.699557    407.378     439.579     8472.06     42.5407     622.945       294.852       917.797       
 3       1       Singlet     Complex     250         681.5       0.701701    405.008     450.053     8411.6      54.8369     671.975       332.486       1004.46       
 3       1       Singlet     Complex     260         701.039     0.703677    402.752     462.739     8350.82     67.1001     722.485       369.801       1092.29       
 3       1       Singlet     Complex     270         720.529     0.705508    400.602     477.506     8289.74     79.3485     774.434       406.79        1181.22       
 3       1       Singlet     Complex     280         739.969     0.707215    398.549     494.218     8228.35     91.5972     827.79        443.619       1271.41       
 3       1       Singlet     Complex     290         759.358     0.708818    396.587     512.741     8166.64     103.859     882.518       480.536       1363.05       
 3       1       Singlet     Complex     300         778.696     0.710338    394.708     532.946     8104.61     116.144     938.591       517.838       1456.43       
 3       1       Singlet     Complex     310         797.982     0.71179     392.906     554.711     8042.26     128.463     995.982       555.818       1551.8        
 3       1       Singlet     Complex     320         817.217     0.713191    391.177     577.923     7979.58     140.821     1054.66       594.754       1649.42       
 3       1       Singlet     Complex     330         836.401     0.714556    389.515     602.479     7916.55     153.227     1114.62       634.9         1749.52       
 3       1       Singlet     Complex     340         855.535     0.715895    387.915     628.285     7853.17     165.684     1175.82       676.477       1852.3        
 3       1       Singlet     Complex     350         874.62      0.717222    386.373     655.258     7789.44     178.199     1238.26       719.648       1957.9        
 3       1       Singlet     Complex     360         893.656     0.718545    384.886     683.322     7725.34     190.774     1301.9        764.687       2066.59       
 3       1       Singlet     Complex     370         912.644     0.719876    383.45      712.412     7660.87     203.415     1366.74       811.642       2178.39       
 3       1       Singlet     Complex     380         931.584     0.721219    382.062     742.468     7596.01     216.122     1432.77       860.707       2293.47       
 3       1       Singlet     Complex     390         950.478     0.722583    380.719     773.438     7530.77     228.9       1499.96       911.988       2411.95       
 3       1       Singlet     Complex     400         969.327     0.723973    379.417     805.276     7465.12     241.75      1568.3        965.612       2533.91       
 3       1       Singlet     Complex     410         988.131     0.725396    378.156     837.941     7399.06     254.675     1637.79       1021.7        2659.49       
 3       1       Singlet     Complex     420         1006.89     0.726853    376.931     871.398     7332.58     267.676     1708.41       1080.34       2788.75       
 3       1       Singlet     Complex     430         1025.61     0.72835     375.742     905.615     7265.68     280.755     1780.15       1141.66       2921.81       
 3       1       Singlet     Complex     440         1044.28     0.72989     374.585     940.564     7198.34     293.913     1853          1205.75       3058.75       
 3       1       Singlet     Complex     450         1062.92     0.731474    373.46      976.22      7130.55     307.153     1926.95       1272.72       3199.67       
 3       1       Singlet     Complex     460         1081.51     0.733105    372.364     1012.56     7062.3      320.476     2002          1342.67       3344.67       
 3       1       Singlet     Complex     470         1100.06     0.734784    371.296     1049.57     6993.58     333.882     2078.13       1415.7        3493.83       
 3       1       Singlet     Complex     480         1118.58     0.736512    370.254     1087.23     6924.4      347.374     2155.35       1491.92       3647.27       
 3       1       Singlet     Complex     490         1137.05     0.73829     369.238     1125.52     6854.72     360.952     2233.64       1571.43       3805.07       
 3       1       Singlet     Complex     500         1155.49     0.740119    368.245     1164.43     6784.55     374.618     2313          1654.33       3967.33       
 3       1       Singlet     Complex     510         1173.89     0.741998    367.274     1203.95     6713.88     388.374     2393.42       1740.74       4134.16       
 3       1       Singlet     Complex     520         1192.26     0.743927    366.325     1244.07     6642.7      402.221     2474.91       1830.76       4305.66       
 3       1       Singlet     Complex     530         1210.59     0.745906    365.397     1284.77     6571        416.159     2557.45       1924.5        4481.94       
 3       1       Singlet     Complex     540         1228.89     0.747936    364.488     1326.06     6498.77     430.191     2641.04       2022.07       4663.1        
 3       1       Singlet     Complex     550         1247.15     0.750014    363.598     1367.92     6426        444.318     2725.67       2123.58       4849.26       
 3       1       Singlet     Complex     560         1265.38     0.75214     362.725     1410.34     6352.69     458.541     2811.36       2229.15       5040.5        
 3       1       Singlet     Complex     570         1283.58     0.754314    361.869     1453.33     6278.82     472.862     2898.08       2338.9        5236.98       
 3       1       Singlet     Complex     580         1301.74     0.756534    361.03      1496.87     6204.4      487.282     2985.85       2452.93       5438.79       
 3       1       Singlet     Complex     590         1319.87     0.7588      360.206     1540.96     6129.41     501.802     3074.66       2571.38       5646.04       
 3       1       Singlet     Complex     600         1337.97     0.76111     359.398     1585.59     6053.84     516.424     3164.5        2694.36       5858.85       
 4       1       Singlet     Complex     20          150.398     0.739995    421.815     1390.43     9770.63     -801.04     11.2831       2.06726E-16   11.2831       
 4       1       Singlet     Complex     30          225.597     0.762038    402.907     954.944     9526.71     -414.482    32.4669       4.13559E-05   32.4669       
 4       1       Singlet     Complex     40          300.795     0.781073    386.222     737.778     9240.05     -239.293    68.0961       0.084234      68.1803       
 4       1       Singlet     Complex     50          375.994     0.797006    371.984     609.77      8908.03     -145.271    119.911       1.6119        121.522       
 4       1       Singlet     Complex     60          371.232     0.795227    372.871     617.351     8931.89     -148.866    140.959       3.87405       144.833       
 4       1       Singlet     Complex     70          359.868     0.792078    374.94      634.671     8985.93     -159.414    156.66        7.10069       163.76        
 4       1       Singlet     Complex     80          365.211     0.792109    374.054     628.332     8963.07     -152.686    182.809       12.7325       195.542       
 4       1       Singlet     Complex     90          377.187     0.793114    372.06      613.812     8909.63     -139.353    215.514       20.756        236.27        
 4       1       Singlet     Complex     100         392.412     0.794298    369.625     597.203     8840.42     -123.552    253.48        30.8278       284.308       
 4       1       Singlet     Complex     110         409.425     0.795308    367.044     581.248     8761.81     -106.968    296.096       42.4165       338.513       
 4       1       Singlet     Complex     120         427.495     0.795982    364.463     567.321     8677.05     -90.2735    342.987       54.9468       397.934       
 4       1       Singlet     Complex     130         446.217     0.796251    361.956     556.185     8588.02     -73.7052    393.875       67.8686       461.744       
 4       1       Singlet     Complex     140         465.352     0.796104    359.559     548.308     8495.9      -57.3152    448.536       80.6736       529.21        
 4       1       Singlet     Complex     150         484.749     0.795563    357.287     544.003     8401.46     -41.0808    506.774       92.9042       599.679       
 4       1       Singlet     Complex     160         504.312     0.794669    355.146     543.483     8305.2      -24.9541    568.42        104.171       672.591       
 4       1       Singlet     Complex     170         523.975     0.793476    353.133     546.874     8207.49     -8.88129    633.323       114.192       747.516       
 4       1       Singlet     Complex     180         543.693     0.792039    351.243     554.234     8108.59     7.18436     701.351       130.688       832.038       
 4       1       Singlet     Complex     190         563.435     0.790415    349.467     565.548     8008.68     23.2835     772.384       157.717       930.101       
 4       1       Singlet     Complex     200         583.179     0.788658    347.799     580.734     7907.88     39.4491     846.316       185.972       1032.29       
 4       1       Singlet     Complex     210         602.909     0.786817    346.231     599.659     7806.3      55.7063     923.055       215.043       1138.1        
 4       1       Singlet     Complex     220         622.613     0.784936    344.754     622.146     7704.02     72.0747     1002.51       244.669       1247.18       
 4       1       Singlet     Complex     230         642.283     0.783053    343.361     647.994     7601.07     88.5681     1084.61       274.732       1359.35       
 4       1       Singlet     Complex     240         661.913     0.781201    342.046     676.985     7497.51     105.197     1169.28       305.228       1474.51       
 4       1       Singlet     Complex     250         681.5       0.779407    340.801     708.901     7393.35     121.966     1256.46       336.219       1592.68       
 4       1       Singlet     Complex     260         701.039     0.777694    339.623     743.529     7288.62     138.881     1346.09       367.802       1713.89       
 4       1       Singlet     Complex     270         720.529     0.776079    338.504     780.668     7183.32     155.942     1438.11       400.169       1838.28       
 4       1       Singlet     Complex     280         739.969     0.774577    337.441     820.131     7077.46     173.148     1532.48       433.403       1965.88       
 4       1       Singlet     Complex     290         759.358     0.789179    334.758     854.842     7010.64     193.225     1626.92       490.218       2117.14       
 4       1       Singlet     Complex     300         778.696     0.805728    327.146     892.625     6946.62     212.832     1722.7        553.409       2276.11       
 4       1       Singlet     Complex     310         797.982     0.823182    318.556     933.429     6882.44     231.761     1819.85       622.379       2442.23       
 4       1       Singlet     Complex     320         817.217     0.8417      310.073     976.716     6818.11     250.032     1918.31       698.261       2616.57       
 4       1       Singlet     Complex     330         836.401     0.861465    301.892     1022.04     6753.62     267.667     2018          782.389       2800.39       
 4       1       Singlet     Complex     340         855.535     0.88269     293.43      1069.06     6688.96     284.68      2118.85       876.312       2995.16       
 4       1       Singlet     Complex     350         874.62      0.905627    284.981     1117.47     6624.13     301.087     2220.8        981.894       3202.69       
